233168
4613732
6857
906609
232792560
25164150
104743
23514624000
31875000
142913828922
70600674
76576500
5537376230
837799
137846528820
1366
21124
1074
171
648
31626
871198282
4179871
2783915460
4782
983
-59231
669171001
9183
443839
73682
45228
100
40730
55
872187
748317
932718654
840
210
7652413
162
16695334890
5482660
1533776805
5777
134043
9110846700
296962999629
997651
121313
142857
4075
376
249
972
153
26241
107359
26033
28684
127035954683
49
1322
272
661
7273
6531031914842725
510510
8319823
428570
303963552391
7295372
402
161667
190569291
71
55374
73162890
40886
427337
260324
425185
101524
2772
1818
1097343
7587457
743
1217
14234
8581146
1258
518408346
14316
24702
8739992577
18769
709
756872327473
37076114526
228
20313839404245
329468
73702
21384
259679
180180
38182
612407567715
1587000
51161058134250
16475640049
168
20492570929
100808458960497
44680
248155780267521
333082500
2269
1582
21035
21417
2906969179
18407904
14516824220
1000023
149253
843296
453647705
18613426663617118
4989
10057761
1006193
608720
676333270
52852124
-271248680
0.464399
3857447
16576
3D58725572C62302
378158756814587
7130034
178653872807
142989277
227485267000992000
1572729
209566
126461847755
986262
399788195976
2325629
17427258
95962097
1918080160
1.710637717
34029210557338
2944730
0.5731441
1389019170
331951449665644800
1922364685
1677366278943
806844323190414
5437849
0
1590933
2009
7526965179680
892371480
9275262564250418
1425480602091519
209110240768
0.999992836187
4617456485273129588
430.088247
313135496
2178309
1111981904675169
283988410192
13625242
6.3551758451
199740353/29386561536000
13938
336108797689259276
11109800204052
1004195061
1739023853137
139602943319822
696067597313468
281632621
39782849136421
446572970925740
46479497324
98792821
23.386029052
326624372659664
153651073760956
6.818741802
35407281
100315739184392
476001479068717
2240